##FastQC	0.11.5
>>Basic Statistics	pass
#Measure	Value
Filename	NA12878-20k.R1.trim.len.fastq.gz
File type	Conventional base calls
Encoding	Sanger / Illumina 1.9
Total Sequences	20000
Sequences flagged as poor quality	0
Sequence length	0-100
%GC	40
>>END_MODULE
>>Per base sequence quality	pass
#Base	Mean	Median	Lower Quartile	Upper Quartile	10th Percentile	90th Percentile
1	30.920851747689834	31.0	31.0	31.0	31.0	31.0
2	31.2090201233694	31.0	31.0	32.0	30.0	32.0
3	29.02608562221881	29.0	29.0	30.0	28.0	30.0
4	30.95673150952112	31.0	30.0	32.0	29.0	32.0
5	31.70347732292362	32.0	31.0	33.0	30.0	33.0
6	32.61329770835474	33.0	32.0	34.0	30.0	34.0
7	32.96688946015424	33.0	32.0	34.0	30.0	35.0
8	32.58953649879109	33.0	32.0	34.0	30.0	34.0
9	32.7184715999794	33.0	32.0	34.0	31.0	34.0
10-11	32.181946277871134	33.0	32.0	33.0	31.0	34.0
12-13	32.166222928103025	33.0	32.0	33.0	31.0	34.0
14-15	31.125263422150006	31.5	30.5	32.0	30.0	32.5
16-17	30.992535742155788	31.0	31.0	32.0	30.0	32.0
18-19	31.239014657796865	32.0	31.0	32.0	30.0	33.0
20-21	31.46170086731243	32.0	31.0	32.5	30.0	33.0
22-23	31.547703989058657	32.0	31.0	33.0	30.0	33.0
24-25	31.64147415817294	32.0	31.0	33.0	30.0	33.0
26-27	31.796978323602186	32.0	31.0	33.0	31.0	33.0
28-29	31.92145291497732	32.0	31.5	33.0	31.0	33.0
30-31	31.963571487346513	32.0	32.0	33.0	31.0	33.0
32-33	32.0049120552675	32.0	31.5	33.0	31.0	33.0
34-35	32.05890315961972	32.0	32.0	33.0	31.0	33.0
36-37	32.10215999992039	32.0	32.0	33.0	31.0	33.0
38-39	32.1321358608464	32.5	32.0	33.0	31.0	33.0
40-41	32.202619911734274	33.0	32.0	33.0	31.0	33.0
42-43	32.23715003350191	33.0	32.0	33.0	31.0	33.5
44-45	32.29383730205023	33.0	32.0	33.0	31.0	34.0
46-47	32.3746758921985	33.0	32.0	33.0	31.0	34.0
48-49	32.43144646728663	33.0	32.0	33.0	31.0	34.0
50-51	32.51709854969285	33.0	32.0	34.0	31.0	34.0
52-53	32.524561729473504	33.0	32.0	34.0	31.0	34.0
54-55	32.52772249816344	33.0	32.0	34.0	31.0	34.0
56-57	32.47214056254357	33.0	32.0	34.0	31.0	34.0
58-59	32.6189916274367	33.0	32.0	34.0	31.0	34.0
60-61	32.652170232070326	33.0	32.0	34.0	31.0	34.0
62-63	32.67397729671793	33.0	32.0	34.0	31.0	34.0
64-65	32.76817316037295	33.0	32.0	34.0	31.0	34.0
66-67	32.87528797074603	33.0	32.0	34.0	31.0	34.0
68-69	32.9935868776717	33.0	32.0	34.0	31.5	35.0
70-71	33.18021714918025	33.0	33.0	34.0	32.0	35.0
72-73	33.34331151340451	34.0	33.0	34.0	32.0	35.0
74-75	33.491281865352704	34.0	33.0	35.0	32.0	35.0
76-77	33.707573014956594	34.0	33.0	35.0	32.0	35.5
78-79	33.91639481604783	34.0	33.0	35.0	32.0	36.0
80-81	34.09454905064311	34.0	33.5	35.0	32.0	36.0
82-83	34.24751995169861	35.0	34.0	35.5	32.0	36.0
84-85	34.331947905561094	35.0	34.0	36.0	32.0	36.0
86-87	34.54220696965628	35.0	34.0	36.0	32.0	36.0
88-89	34.79097623288027	35.0	34.5	36.0	32.0	37.0
90-91	34.8844316798181	35.0	35.0	36.0	32.0	37.0
92-93	35.0643455250188	35.5	35.0	36.0	32.0	37.0
94-95	35.109566017466065	36.0	35.0	37.0	32.0	37.0
96-97	35.02749392621732	35.5	35.0	36.5	32.0	37.0
98-99	35.07976669522173	35.5	35.0	36.0	32.0	37.0
100	35.04870112551342	35.0	35.0	36.0	32.0	37.0
>>END_MODULE
>>Per tile sequence quality	pass
#Tile	Base	Mean
1101	1	0.0
1101	2	0.0
1101	3	0.0
1101	4	0.0
1101	5	0.0
1101	6	0.0
1101	7	0.0
1101	8	0.0
1101	9	0.0
1101	10-11	0.0
1101	12-13	0.0
1101	14-15	0.0
1101	16-17	0.0
1101	18-19	0.0
1101	20-21	0.0
1101	22-23	0.0
1101	24-25	0.0
1101	26-27	0.0
1101	28-29	0.0
1101	30-31	0.0
1101	32-33	0.0
1101	34-35	0.0
1101	36-37	0.0
1101	38-39	0.0
1101	40-41	0.0
1101	42-43	0.0
1101	44-45	0.0
1101	46-47	0.0
1101	48-49	0.0
1101	50-51	0.0
1101	52-53	0.0
1101	54-55	0.0
1101	56-57	0.0
1101	58-59	0.0
1101	60-61	0.0
1101	62-63	0.0
1101	64-65	0.0
1101	66-67	0.0
1101	68-69	0.0
1101	70-71	0.0
1101	72-73	0.0
1101	74-75	0.0
1101	76-77	0.0
1101	78-79	0.0
1101	80-81	0.0
1101	82-83	0.0
1101	84-85	0.0
1101	86-87	0.0
1101	88-89	0.0
1101	90-91	0.0
1101	92-93	0.0
1101	94-95	0.0
1101	96-97	0.0
1101	98-99	0.0
1101	100	0.0
>>END_MODULE
>>Per sequence quality scores	pass
#Quality	Count
27	5.0
28	38.0
29	228.0
30	1116.0
31	1656.0
32	5950.0
33	10919.0
>>END_MODULE
>>Per base sequence content	pass
#Base	G	A	T	C
1	19.323889893510145	26.64255575647981	29.807112718505124	24.226441631504922
2	19.688542825361512	30.680554151076954	26.17554858934169	23.455354434219842
3	17.830290010741138	30.38719247097335	31.425502531839804	20.357014986445705
4	20.884873992711594	29.538572088487395	30.11343222296361	19.463121695837398
5	21.413529200267092	31.742770558323492	28.70717550978479	18.136524731624633
6	21.102661596958175	31.553797143150756	28.383516596444352	18.960024663446717
7	19.593830334190233	31.732647814910024	30.05655526992288	18.61696658097686
8	18.524615463758423	30.624003292350427	31.47281238746849	19.378568856422657
9	19.65600700345023	29.646222771512438	31.361038158504556	19.33673206653278
10-11	20.295944935680957	29.69245443530716	30.068830398803847	19.942770230208037
12-13	19.9602549874829	29.91973572147521	30.157173458590343	19.962835832451546
14-15	19.58368843779861	30.161927636166418	30.448593786317502	19.805790139717466
16-17	19.643918447505104	29.871572908860696	30.316028837954466	20.168479805679734
18-19	19.65860597439545	29.820250872882454	30.47200310358205	20.04914004914005
20-21	20.3892541021792	29.56933588695067	30.014493503804545	20.026916507065586
22-23	19.56960845245494	30.052309923347835	30.065257924176507	20.312823700020715
24-25	19.81090532314467	29.579070068643958	30.3587618184173	20.25126278979407
26-27	19.991186458252326	29.429452782746196	30.22526375819789	20.354097000803588
28-29	20.43256139622935	29.610227950519956	29.610227950519956	20.346982702730738
30-31	20.29944470392859	29.64346878405729	29.695365613161034	20.36172089885308
32-33	20.070623669315054	29.7060809056447	29.61780131900088	20.605494106039362
34-35	20.100280577782396	30.125740413592432	29.580172503377327	20.193806505247842
36-37	20.054602184087365	29.95839833593344	29.69578783151326	20.29121164846594
38-39	20.177493233395793	29.812096606287735	29.770455965021863	20.239954195294608
40-41	20.373554235698656	29.235698655829946	30.058872564343027	20.33187454412837
42-43	19.902494981359332	29.19414969888156	30.268269155564827	20.63508616419428
44-45	20.422645447430213	29.27993738585964	29.851291416644926	20.44612575006522
46-47	19.808340078857352	29.628952659477243	30.730866647518084	19.83184061414732
48-49	20.480196467760475	29.028634131048175	30.402863413104818	20.088305988086532
50-51	20.642513592639062	29.20849017147637	28.80332496863237	21.345671267252193
52-53	20.022503074547977	29.821807049218936	30.3425177277128	19.81317214852029
54-55	19.96280872685367	29.585395877530708	29.899688326654616	20.552107068961
56-57	19.939711664482306	29.709043250327653	29.853211009174313	20.498034076015728
58-59	20.632964497351722	29.246420892548112	30.001573234044788	20.119041376055378
60-61	20.497953615279673	29.155735124357225	29.53090565641725	20.815405603945848
62-63	20.53187020896776	29.473380237320175	29.42875144387273	20.565998109839338
64-65	20.392991304804685	29.776446791183965	29.484855649250008	20.345706254761343
66-67	20.391208328951517	30.055736670522666	29.75864970028394	19.794405300241877
68-69	20.36413386655441	29.68322458429804	29.75426226057672	20.198379288570827
70-71	20.36685641998735	29.814990512333967	29.85715791693021	19.96099515074847
72-73	20.571217205210175	29.348199424027055	29.517292398742374	20.563290972020397
74-75	20.505833487658403	29.230932035239025	29.95317336437472	20.31006111272785
76-77	19.782953943885655	29.695606140815244	29.98676548438327	20.53467443091583
78-79	20.33211504846655	30.141956671433867	29.209703903808464	20.316224376291117
80-81	19.986751457339693	29.4700582935877	30.225225225225227	20.317965023847375
82-83	20.380139437478462	29.501895395382128	29.674204066484638	20.443761100654772
84-85	20.205288703816674	29.241704904119036	29.721772803225203	20.831233588839083
86-87	19.9708067940552	29.70806794055202	29.968152866242036	20.352972399150744
88-89	19.9989379215124	30.149753066751632	29.695714513302534	20.155594498433434
90-91	20.255585961369857	29.275485533622042	29.828103828475783	20.640824676532322
92-93	20.182388599383174	29.408167606083165	29.894714452834204	20.514729341699457
94-95	20.202772825248143	29.340855264908594	29.806540887197635	20.649831022645625
96-97	20.06019924351393	29.774652389323958	29.66011400564701	20.505034361515104
98-99	20.146588486140725	29.989339019189764	29.674840085287848	20.189232409381663
100	19.891182589214274	29.94079052648424	29.86077772443591	20.307249159865577
>>END_MODULE
>>Per sequence GC content	warn
#GC Content	Count
0	159.0
1	158.0
2	159.0
3	156.5
4	151.0
5	151.5
6	154.0
7	157.0
8	157.0
9	157.5
10	162.5
11	165.0
12	164.5
13	163.5
14	166.0
15	169.5
16	173.0
17	191.0
18	214.0
19	232.5
20	255.5
21	298.0
22	332.5
23	354.0
24	386.0
25	450.0
26	524.0
27	571.0
28	637.5
29	695.0
30	739.5
31	772.5
32	818.5
33	879.0
34	925.0
35	969.5
36	974.0
37	980.5
38	1003.5
39	1010.5
40	1009.0
41	992.5
42	939.0
43	899.5
44	853.0
45	821.0
46	822.5
47	807.0
48	774.5
49	739.0
50	704.0
51	667.5
52	633.0
53	605.5
54	590.0
55	547.5
56	540.0
57	541.0
58	501.5
59	480.0
60	455.5
61	416.5
62	392.5
63	374.0
64	352.5
65	339.5
66	327.5
67	314.5
68	308.5
69	296.5
70	284.5
71	280.5
72	277.0
73	271.0
74	265.5
75	206.5
76	149.0
77	144.5
78	142.0
79	140.0
80	137.5
81	138.5
82	139.5
83	127.5
84	115.0
85	115.0
86	114.5
87	113.5
88	109.0
89	105.0
90	105.0
91	105.5
92	105.0
93	104.0
94	103.0
95	102.0
96	102.5
97	102.5
98	102.0
99	102.0
100	102.0
>>END_MODULE
>>Per base N content	pass
#Base	N-Count
1	0.020088388911209322
2	0.0
3	0.0
4	0.0
5	0.0
6	0.0
7	0.0
8	0.0
9	0.0
10-11	0.0
12-13	0.0
14-15	0.0
16-17	0.0
18-19	0.0
20-21	0.0
22-23	0.0
24-25	0.0
26-27	0.0
28-29	0.0
30-31	0.0
32-33	0.0
34-35	0.0
36-37	0.0
38-39	0.0
40-41	0.0
42-43	0.0
44-45	0.0
46-47	0.0
48-49	0.0
50-51	0.0
52-53	0.0
54-55	0.0
56-57	0.0
58-59	0.0
60-61	0.0
62-63	0.0
64-65	0.0
66-67	0.0
68-69	0.0
70-71	0.0
72-73	0.0
74-75	0.0
76-77	0.0
78-79	0.0
80-81	0.0
82-83	0.0
84-85	0.0
86-87	0.0
88-89	0.0
90-91	0.0
92-93	0.0
94-95	0.0
96-97	0.0
98-99	0.0
100	0.0
>>END_MODULE
>>Sequence Length Distribution	fail
#Length	Count
0-1	222.0
2-3	295.0
4-5	21.0
6-7	23.0
8-9	38.0
10-11	24.0
12-13	15.0
14-15	8.0
16-17	16.0
18-19	16.0
20-21	11.0
22-23	7.0
24-25	13.0
26-27	9.0
28-29	10.0
30-31	13.0
32-33	9.0
34-35	16.0
36-37	15.0
38-39	18.0
40-41	19.0
42-43	14.0
44-45	16.0
46-47	13.0
48-49	6.0
50-51	20.0
52-53	21.0
54-55	16.0
56-57	4.0
58-59	11.0
60-61	12.0
62-63	12.0
64-65	15.0
66-67	15.0
68-69	26.0
70-71	43.0
72-73	35.0
74-75	11.0
76-77	11.0
78-79	8.0
80-81	9.0
82-83	10.0
84-85	12.0
86-87	6.0
88-89	14.0
90-91	12.0
92-93	14.0
94-95	24.0
96-97	8.0
98-99	17.0
100-101	18747.0
>>END_MODULE
>>Sequence Duplication Levels	pass
#Total Deduplicated Percentage	97.205
#Duplication Level	Percentage of deduplicated	Percentage of total
1	99.7170927421429	96.93
2	0.09773159816881848	0.19
3	0.03086260994804794	0.09
4	0.010287536649349314	0.04
5	0.01543130497402397	0.075
6	0.01543130497402397	0.09
7	0.0	0.0
8	0.005143768324674657	0.04
9	0.010287536649349314	0.09
>10	0.08744406151946917	1.71
>50	0.010287536649349314	0.745
>100	0.0	0.0
>500	0.0	0.0
>1k	0.0	0.0
>5k	0.0	0.0
>10k+	0.0	0.0
>>END_MODULE
>>Overrepresented sequences	warn
#Sequence	Count	Percentage	Possible Source
	88	0.44	No Hit
G	61	0.305	No Hit
A	32	0.16	No Hit
CA	32	0.16	No Hit
TT	32	0.16	No Hit
AT	22	0.11	No Hit
GA	22	0.11	No Hit
T	21	0.105	No Hit
>>END_MODULE
>>Adapter Content	pass
#Position	Illumina Universal Adapter	Illumina Small RNA 3' Adapter	Illumina Small RNA 5' Adapter	Nextera Transposase Sequence	SOLID Small RNA Adapter
1	0.0	0.0	0.0	0.0	0.0
2	0.0	0.0	0.0	0.0	0.0
3	0.0	0.0	0.0	0.0	0.0
4	0.0	0.0	0.0	0.0	0.0
5	0.0	0.0	0.0	0.0	0.0
6	0.0	0.0	0.0	0.0	0.0
7	0.0	0.0	0.0	0.0	0.0
8	0.0	0.0	0.0	0.0	0.0
9	0.0	0.0	0.0	0.0	0.0
10-11	0.0	0.0	0.0	0.0	0.0
12-13	0.0	0.0	0.0	0.0	0.0
14-15	0.0	0.0	0.0	0.0	0.0
16-17	0.0	0.0	0.0	0.0	0.0
18-19	0.0	0.0	0.0	0.0	0.0
20-21	0.0	0.0	0.0	0.0	0.0
22-23	0.0	0.0	0.0	0.0	0.0
24-25	0.0	0.0	0.0	0.0	0.0
26-27	0.0	0.0	0.0	0.0	0.0
28-29	0.0	0.0	0.0	0.0	0.0
30-31	0.0	0.0	0.0	0.0	0.0
32-33	0.0	0.0	0.0	0.0	0.0
34-35	0.0	0.0	0.0	0.0	0.0
36-37	0.0	0.0	0.0	0.0	0.0
38-39	0.0	0.0	0.0	0.0	0.0
40-41	0.0	0.0	0.0	0.0	0.0
42-43	0.0	0.0	0.0	0.0	0.0
44-45	0.0	0.0	0.0	0.0	0.0
46-47	0.0	0.0	0.0	0.0	0.0
48-49	0.0	0.0	0.0	0.0	0.0
50-51	0.0	0.0	0.0	0.0	0.0
52-53	0.0	0.0	0.0	0.0	0.0
54-55	0.0	0.0	0.0	0.0	0.0
56-57	0.0	0.0	0.0	0.0	0.0
58-59	0.0	0.0	0.0	0.0	0.0
60-61	0.0	0.0	0.0	0.0	0.0
62-63	0.0	0.0	0.0	0.0	0.0
64-65	0.0	0.0	0.0	0.0	0.0
66-67	0.0	0.0	0.0	0.0	0.0
68-69	0.0	0.0	0.0	0.0	0.0
70-71	0.0	0.0	0.0	0.0	0.0
72-73	0.0	0.0	0.0	0.0	0.0
74-75	0.005	0.0	0.0	0.0	0.0
76-77	0.005	0.0	0.0	0.0	0.0
78-79	0.005	0.0	0.0	0.0	0.0
80-81	0.005	0.0	0.0	0.0	0.0
82-83	0.005	0.0	0.0	0.0	0.0
84-85	0.0075	0.0	0.0	0.0	0.0
86-87	0.01	0.0	0.0	0.0	0.0
88	0.01	0.0	0.0	0.0	0.0
>>END_MODULE
>>Kmer Content	warn
#Sequence	Count	PValue	Obs/Exp Max	Max Obs/Exp Position
TAACTGT	25	0.005520026	55.44643	2
AAAAGAG	35	0.008152984	27.236843	92-93
>>END_MODULE
