##FastQC	0.11.5
>>Basic Statistics	pass
#Measure	Value
Filename	NA12878-20k.R2.trim.len.fastq.gz
File type	Conventional base calls
Encoding	Sanger / Illumina 1.9
Total Sequences	20000
Sequences flagged as poor quality	0
Sequence length	0-100
%GC	40
>>END_MODULE
>>Per base sequence quality	pass
#Base	Mean	Median	Lower Quartile	Upper Quartile	10th Percentile	90th Percentile
1	28.873112627222906	29.0	29.0	29.0	28.0	29.0
2	29.24795884129292	29.0	29.0	30.0	28.0	30.0
3	27.743018635625944	28.0	27.0	29.0	26.0	29.0
4	30.226705467569534	30.0	30.0	31.0	29.0	32.0
5	31.282052716995913	31.0	31.0	32.0	30.0	32.0
6	32.03268961656871	32.0	32.0	33.0	30.0	33.0
7	33.039411073168004	33.0	33.0	34.0	32.0	34.0
8	32.66188742649118	33.0	32.0	34.0	31.0	34.0
9	32.91358924068366	33.0	32.0	34.0	32.0	34.0
10-11	32.480180918909724	33.0	32.0	33.5	31.0	34.0
12-13	32.51381661685477	33.0	32.0	33.5	31.0	34.0
14-15	32.04964941141006	32.0	31.5	33.0	31.0	33.0
16-17	31.972625778963007	32.0	31.0	33.0	31.0	33.0
18-19	32.029304676047246	32.0	31.5	33.0	31.0	33.0
20-21	32.105781590985984	32.0	32.0	33.0	31.0	33.0
22-23	32.18777390040167	32.5	32.0	33.0	31.0	33.5
24-25	32.252470013676316	33.0	32.0	33.0	31.0	33.5
26-27	32.31511395764599	33.0	32.0	33.0	31.0	34.0
28-29	32.399514752743826	33.0	32.0	33.0	31.0	34.0
30-31	32.443901662426114	33.0	32.0	33.0	31.0	34.0
32-33	32.212015459238245	32.5	32.0	33.0	31.0	34.0
34-35	32.39711631781864	33.0	32.0	33.0	31.0	34.0
36-37	32.474463803209915	33.0	32.0	33.0	31.0	34.0
38-39	32.39373634967284	33.0	32.0	33.0	31.0	34.0
40-41	32.59176503225696	33.0	32.0	34.0	31.0	34.0
42-43	32.677991821687414	33.0	32.0	34.0	31.0	34.0
44-45	32.68056683308668	33.0	32.0	34.0	31.0	34.0
46-47	32.68179831763493	33.0	32.0	34.0	31.0	34.0
48-49	32.80076868273871	33.0	32.0	34.0	31.5	34.0
50-51	32.80512723027731	33.0	32.0	34.0	32.0	34.0
52-53	32.825409846350794	33.0	32.0	34.0	31.5	34.0
54-55	32.85136205354796	33.0	32.0	34.0	31.5	34.0
56-57	32.90667580764739	33.0	32.5	34.0	31.5	34.0
58-59	32.99188143110882	33.0	33.0	34.0	32.0	34.0
60-61	33.07823489019033	33.0	33.0	34.0	32.0	34.0
62-63	33.178373121843435	34.0	33.0	34.0	32.0	35.0
64-65	33.247295100407925	34.0	33.0	34.0	32.0	35.0
66-67	33.36647768301036	34.0	33.0	34.0	32.0	35.0
68-69	33.37281771398317	34.0	33.0	34.5	32.0	35.0
70-71	33.57244406490638	34.0	33.0	35.0	32.0	35.0
72-73	33.67006400654982	34.0	33.0	35.0	32.0	35.0
74-75	33.184419589509105	33.5	32.5	34.5	30.5	35.5
76-77	33.72971342383107	34.0	33.5	35.0	31.5	36.0
78-79	34.15621696659053	35.0	34.0	36.0	32.0	36.0
80-81	34.21384493147057	35.0	34.0	36.0	32.0	36.0
82-83	34.67269146049631	35.0	34.0	36.0	32.0	37.0
84-85	34.8318051757082	35.5	34.0	36.0	32.0	37.0
86-87	34.921954399570076	36.0	35.0	37.0	32.0	37.0
88-89	35.00008426253055	36.0	35.0	37.0	32.0	37.0
90-91	34.732979529664036	35.5	34.5	36.5	31.5	37.0
92-93	35.122691199377954	36.0	35.0	37.0	32.0	37.0
94-95	35.23971633124535	36.0	35.0	37.0	32.0	37.0
96-97	35.22367127254245	36.0	35.0	37.0	32.0	37.5
98-99	35.250262591567775	36.0	34.5	37.0	32.5	38.0
100	35.3355052941545	36.0	35.0	37.0	32.0	38.0
>>END_MODULE
>>Per tile sequence quality	pass
#Tile	Base	Mean
1101	1	0.0
1101	2	0.0
1101	3	0.0
1101	4	0.0
1101	5	0.0
1101	6	0.0
1101	7	0.0
1101	8	0.0
1101	9	0.0
1101	10-11	0.0
1101	12-13	0.0
1101	14-15	0.0
1101	16-17	0.0
1101	18-19	0.0
1101	20-21	0.0
1101	22-23	0.0
1101	24-25	0.0
1101	26-27	0.0
1101	28-29	0.0
1101	30-31	0.0
1101	32-33	0.0
1101	34-35	0.0
1101	36-37	0.0
1101	38-39	0.0
1101	40-41	0.0
1101	42-43	0.0
1101	44-45	0.0
1101	46-47	0.0
1101	48-49	0.0
1101	50-51	0.0
1101	52-53	0.0
1101	54-55	0.0
1101	56-57	0.0
1101	58-59	0.0
1101	60-61	0.0
1101	62-63	0.0
1101	64-65	0.0
1101	66-67	0.0
1101	68-69	0.0
1101	70-71	0.0
1101	72-73	0.0
1101	74-75	0.0
1101	76-77	0.0
1101	78-79	0.0
1101	80-81	0.0
1101	82-83	0.0
1101	84-85	0.0
1101	86-87	0.0
1101	88-89	0.0
1101	90-91	0.0
1101	92-93	0.0
1101	94-95	0.0
1101	96-97	0.0
1101	98-99	0.0
1101	100	0.0
>>END_MODULE
>>Per sequence quality scores	pass
#Quality	Count
28	1.0
29	43.0
30	869.0
31	1569.0
32	3318.0
33	12082.0
>>END_MODULE
>>Per base sequence content	pass
#Base	G	A	T	C
1	18.471088245162733	26.948887149088467	30.785147075271226	23.794877530477578
2	19.790851135219775	31.294038698132198	24.969242814002907	23.945867352645116
3	17.68985393698584	31.563042140019025	30.393418769936766	20.35368515305837
4	20.599921652023056	29.50920588729084	30.113604566567798	19.777267894118307
5	20.667077060831605	31.96597459287033	29.436454194414907	17.93049415188315
6	21.041141897565073	32.52169045619927	28.127623845507976	18.309543800727678
7	19.677545764989084	31.61842915523708	30.465207411968876	18.23881766780496
8	19.00308036964436	29.82917950154019	32.34388126575189	18.823858863063567
9	20.240963855421686	28.618660689268705	31.398150742504903	19.742224712804706
10-11	19.938306225462703	29.814918676388107	30.106561974200787	20.140213123948403
12-13	20.308988764044944	30.112359550561795	29.84831460674157	19.730337078651687
14-15	19.418788015318768	30.15037170533904	30.24329804009912	20.187542239243072
16-17	19.753538999492413	29.77835429473803	30.807625063448196	19.660481642321358
18-19	19.88023275521157	30.00677927800689	30.088695553923507	20.02429241285803
20-21	20.391646386326336	29.483841756749108	29.863036957382988	20.26147489954157
22-23	19.418687083510562	29.584573940167303	30.6224301715582	20.37430880476393
24-25	19.913653534808418	29.505496066123214	30.57630584826881	20.004544550799558
26-27	19.955022915539868	29.5994762162316	30.015087249850552	20.43041361837798
28-29	20.02566661913589	29.67916726080137	30.132610865535437	20.162555254527305
30-31	20.19722738316421	30.064313277118764	29.767043018436475	19.97141632128055
32-33	19.646849739150376	30.166829100498767	29.834317491257238	20.35200366909362
34-35	20.06664942974518	29.75092648452986	30.038208509293575	20.14421557643138
36-37	20.259141952202704	29.640080621940683	30.408868413475382	19.691909012381224
38-39	20.363741339491916	29.852771362586605	29.670900692840647	20.112586605080832
40-41	20.097188476223536	29.630915191484437	30.02429711905588	20.247599213236146
42-43	20.161196799257798	29.8475008697669	29.624260698132897	20.367041632842398
44-45	20.039503877770354	29.44491242338862	30.08685043715688	20.428733261684144
46-47	19.940597519072856	29.84101100693029	30.036107390367476	20.182284083629376
48-49	19.90723183290061	29.749992706905104	29.93961317424662	20.403162285947666
50-51	20.027462895874724	29.922870164777375	30.071870982821082	19.97779595652682
52-53	19.88759440313799	29.781628710262865	29.778701481177915	20.552075405421228
54-55	19.8016024418161	30.088339741144015	29.8476799812168	20.262377835823088
56-57	20.082968019064992	29.86848686339698	30.20683162199535	19.841713495542677
58-59	19.915091836433856	29.894749255579466	30.033314661399213	20.156844246587458
60-61	20.555309407768423	29.64702407325358	29.605671245015508	20.191995273962487
62-63	19.670723401735216	30.14124544727725	29.990228302389628	20.19780284859791
64-65	20.245872431405154	30.054044423328186	29.783822306687256	19.916260838579404
66-67	20.15598487780192	29.955645521388384	30.119370106867503	19.76899949394219
68-69	19.83100946466426	30.200340369629476	29.824142358104677	20.144507807601588
70-71	19.937750643442868	29.661219847967917	29.861734602262523	20.53929490632669
72-73	20.10443864229765	29.596950871822575	30.005101887698448	20.29350859818133
74-75	19.95965921064515	30.17129782942469	29.86723665592919	20.00180630400096
76-77	19.812830188679246	30.173584905660377	29.799245283018866	20.214339622641507
78-79	19.7658589708685	29.860543909005656	30.187252321747287	20.18634479837856
80-81	19.984230955846677	29.879306162057258	29.930858806404657	20.20560407569141
82-83	20.169702867917643	29.99908761898969	29.816611416927707	20.01459809616496
84-85	19.848771266540645	29.92865418623087	30.001829379840235	20.220745167388255
86-87	19.948598702729164	30.060580100354912	29.913719251009667	20.077101945906254
88-89	20.068758057584873	29.875989931855855	30.044815519675854	20.010436490883418
90-91	19.977204115581294	29.480623498244103	30.176822130491036	20.365350255683566
92-93	20.056819936386376	29.722385202112218	29.530926720810303	20.689868140691104
94-95	19.778142719920677	29.362005391503732	30.325659219781244	20.534192668794347
96-97	19.817661335490698	29.924077416142886	29.715601468666375	20.542659779700042
98-99	19.723237434792114	30.284571892668605	29.994064911129854	19.998125761409426
100	19.79199298289581	29.897876072927758	29.68485683854395	20.625274105632478
>>END_MODULE
>>Per sequence GC content	warn
#GC Content	Count
0	21.0
1	18.5
2	18.5
3	18.5
4	17.0
5	16.5
6	16.0
7	20.0
8	24.5
9	26.5
10	27.5
11	27.5
12	29.5
13	37.5
14	43.0
15	46.5
16	53.5
17	53.0
18	56.5
19	67.0
20	76.5
21	98.0
22	135.5
23	171.0
24	212.0
25	267.0
26	326.0
27	389.0
28	428.0
29	456.0
30	519.5
31	576.0
32	599.5
33	632.5
34	673.5
35	741.5
36	767.5
37	779.5
38	828.5
39	809.5
40	767.5
41	732.0
42	692.0
43	662.0
44	616.0
45	571.0
46	530.5
47	493.5
48	481.0
49	482.5
50	470.5
51	440.5
52	406.0
53	373.5
54	362.0
55	337.0
56	304.0
57	285.5
58	265.5
59	242.0
60	222.5
61	197.5
62	164.5
63	144.0
64	126.0
65	107.0
66	90.5
67	81.5
68	76.5
69	77.5
70	71.5
71	59.0
72	56.5
73	55.5
74	49.0
75	35.5
76	25.0
77	23.5
78	21.0
79	13.5
80	8.5
81	9.5
82	10.0
83	10.0
84	10.5
85	8.0
86	7.5
87	9.0
88	9.5
89	10.0
90	8.0
91	6.0
92	5.0
93	4.0
94	3.5
95	3.0
96	1.5
97	0.0
98	0.0
99	0.0
100	0.0
>>END_MODULE
>>Per base N content	pass
#Base	N-Count
1	0.0
2	0.0
3	0.0
4	0.0
5	0.0
6	0.0
7	0.0
8	0.0
9	0.0
10-11	0.0
12-13	0.0
14-15	0.0
16-17	0.0
18-19	0.0
20-21	0.0
22-23	0.0
24-25	0.0
26-27	0.0
28-29	0.0
30-31	0.0
32-33	0.0
34-35	0.0
36-37	0.0
38-39	0.0
40-41	0.002892430509357013
42-43	0.0
44-45	0.0
46-47	0.0
48-49	0.0
50-51	0.0
52-53	0.0
54-55	0.0
56-57	0.0
58-59	0.0
60-61	0.002953686200378072
62-63	0.0
64-65	0.0
66-67	0.0
68-69	0.0
70-71	0.002992667963489451
72-73	0.0
74-75	0.0
76-77	0.0
78-79	0.0
80-81	0.0
82-83	0.0
84-85	0.0
86-87	0.0
88-89	0.0
90-91	0.0
92-93	0.0
94-95	0.0
96-97	0.0
98-99	0.0
100	0.0
>>END_MODULE
>>Sequence Length Distribution	fail
#Length	Count
0-1	2118.0
2-3	13.0
4-5	4.0
6-7	10.0
8-9	17.0
10-11	30.0
12-13	48.0
14-15	23.0
16-17	27.0
18-19	31.0
20-21	38.0
22-23	27.0
24-25	39.0
26-27	32.0
28-29	37.0
30-31	56.0
32-33	36.0
34-35	41.0
36-37	42.0
38-39	35.0
40-41	41.0
42-43	33.0
44-45	41.0
46-47	35.0
48-49	27.0
50-51	30.0
52-53	44.0
54-55	40.0
56-57	38.0
58-59	29.0
60-61	42.0
62-63	51.0
64-65	37.0
66-67	46.0
68-69	47.0
70-71	48.0
72-73	40.0
74-75	52.0
76-77	37.0
78-79	38.0
80-81	45.0
82-83	46.0
84-85	49.0
86-87	63.0
88-89	56.0
90-91	40.0
92-93	51.0
94-95	67.0
96-97	60.0
98-99	62.0
100-101	15961.0
>>END_MODULE
>>Sequence Duplication Levels	pass
#Total Deduplicated Percentage	89.305
#Duplication Level	Percentage of deduplicated	Percentage of total
1	99.93841330272662	89.25
2	0.033592743967303065	0.06
3	0.011197581322434353	0.03
4	0.005598790661217177	0.02
5	0.0	0.0
6	0.0	0.0
7	0.0	0.0
8	0.0	0.0
9	0.0	0.0
>10	0.005598790661217177	0.05
>50	0.0	0.0
>100	0.0	0.0
>500	0.0	0.0
>1k	0.005598790661217177	10.59
>5k	0.0	0.0
>10k+	0.0	0.0
>>END_MODULE
>>Overrepresented sequences	fail
#Sequence	Count	Percentage	Possible Source
	2118	10.59	No Hit
>>END_MODULE
>>Adapter Content	pass
#Position	Illumina Universal Adapter	Illumina Small RNA 3' Adapter	Illumina Small RNA 5' Adapter	Nextera Transposase Sequence	SOLID Small RNA Adapter
1	0.0	0.0	0.0	0.0	0.0
2	0.0	0.0	0.0	0.0	0.0
3	0.0	0.0	0.0	0.0	0.0
4	0.0	0.0	0.0	0.0	0.0
5	0.0	0.0	0.0	0.0	0.0
6	0.0	0.0	0.0	0.0	0.0
7	0.0	0.0	0.0	0.0	0.0
8	0.0	0.0	0.0	0.0	0.0
9	0.0	0.0	0.0	0.0	0.0
10-11	0.0	0.0	0.0	0.0	0.0
12-13	0.0	0.0	0.0	0.0	0.0
14-15	0.0	0.0	0.0	0.0	0.0
16-17	0.0	0.0	0.0	0.0	0.0
18-19	0.0	0.0	0.0	0.0	0.0
20-21	0.0	0.0	0.0	0.0	0.0
22-23	0.0	0.0	0.0	0.0	0.0
24-25	0.0	0.0	0.0	0.0	0.0
26-27	0.0	0.0	0.0	0.0	0.0
28-29	0.0	0.0	0.0	0.0	0.0
30-31	0.0	0.0	0.0	0.0	0.0
32-33	0.0	0.0	0.0	0.0	0.0
34-35	0.0	0.0	0.0	0.0	0.0
36-37	0.0	0.0	0.0	0.0	0.0
38-39	0.0	0.0	0.0	0.0	0.0
40-41	0.0	0.0	0.0	0.0	0.0
42-43	0.0	0.0	0.0	0.0	0.0
44-45	0.0	0.0	0.0	0.0	0.0
46-47	0.0	0.0	0.0	0.0	0.0
48-49	0.0	0.0	0.0	0.0	0.0
50-51	0.0	0.0	0.0	0.0	0.0
52-53	0.0	0.0	0.0	0.0	0.0
54-55	0.0	0.0	0.0	0.0	0.0
56-57	0.0	0.0	0.0	0.0	0.0
58-59	0.0	0.0	0.0	0.0	0.0
60-61	0.0	0.0	0.0	0.0	0.0
62-63	0.0	0.0	0.0	0.0	0.0
64-65	0.0	0.0	0.0	0.0	0.0
66-67	0.0	0.0	0.0	0.0	0.0
68-69	0.0	0.0	0.0	0.0	0.0
70-71	0.0	0.0	0.0	0.0	0.0
72-73	0.0	0.0	0.0	0.0	0.0
74-75	0.005	0.0	0.0	0.0	0.0
76-77	0.005	0.0	0.0	0.0	0.0
78-79	0.005	0.0	0.0	0.0	0.0
80-81	0.005	0.0	0.0	0.0	0.0
82-83	0.005	0.0	0.0	0.0	0.0
84-85	0.0075	0.0	0.0	0.0	0.0
86-87	0.01	0.0	0.0	0.0	0.0
88	0.01	0.0	0.0	0.0	0.0
>>END_MODULE
>>Kmer Content	pass
>>END_MODULE
